#                                                                                                         --- full sequence --- -------------- this domain -------------   hmm coord   ali coord   env coord
# target name                                     accession   tlen query name           accession   qlen   E-value  score  bias   #  of  c-Evalue  i-Evalue  score  bias  from    to  from    to  from    to  acc description of target
#                             ------------------- ---------- ----- -------------------- ---------- ----- --------- ------ ----- --- --- --------- --------- ------ ----- ----- ----- ----- ----- ----- ----- ---- ---------------------
NODE_5_length_264628_cov_361.652112:87572-90202|- -            877 91428at2             -            555  9.5e-178  590.0  34.4   1   5  1.3e-127  3.1e-124  413.3   2.8     2   332     4   443     3   455 0.80 NODE_5_length_264628_cov_361.652112_92 # 87572 # 90202 # -1 # ID=5_92;partial=00;start_type=ATG;rbs_motif=AGGA;rbs_spacer=5-10bp;gc_cont=0.536
NODE_5_length_264628_cov_361.652112:87572-90202|- -            877 91428at2             -            555  9.5e-178  590.0  34.4   2   5   1.7e-09   3.8e-06   23.5   0.1   336   363   491   518   482   561 0.81 NODE_5_length_264628_cov_361.652112_92 # 87572 # 90202 # -1 # ID=5_92;partial=00;start_type=ATG;rbs_motif=AGGA;rbs_spacer=5-10bp;gc_cont=0.536
NODE_5_length_264628_cov_361.652112:87572-90202|- -            877 91428at2             -            555  9.5e-178  590.0  34.4   3   5   1.6e-48   3.6e-45  152.3   7.4   361   518   563   740   552   772 0.78 NODE_5_length_264628_cov_361.652112_92 # 87572 # 90202 # -1 # ID=5_92;partial=00;start_type=ATG;rbs_motif=AGGA;rbs_spacer=5-10bp;gc_cont=0.536
NODE_5_length_264628_cov_361.652112:87572-90202|- -            877 91428at2             -            555  9.5e-178  590.0  34.4   4   5    0.0068        16    1.7   0.3   477   519   728   770   724   799 0.83 NODE_5_length_264628_cov_361.652112_92 # 87572 # 90202 # -1 # ID=5_92;partial=00;start_type=ATG;rbs_motif=AGGA;rbs_spacer=5-10bp;gc_cont=0.536
NODE_5_length_264628_cov_361.652112:87572-90202|- -            877 91428at2             -            555  9.5e-178  590.0  34.4   5   5   0.00035      0.81    5.9   4.3   538   555   839   856   769   856 0.77 NODE_5_length_264628_cov_361.652112_92 # 87572 # 90202 # -1 # ID=5_92;partial=00;start_type=ATG;rbs_motif=AGGA;rbs_spacer=5-10bp;gc_cont=0.536
NODE_358_length_236_cov_0.861635:3-236|+          -             78 91428at2             -            555     1e-22   78.2   0.0   1   1   4.8e-26   1.1e-22   78.1   0.0   407   474     9    78     2    78 0.94 NODE_358_length_236_cov_0.861635_1 # 3 # 236 # 1 # ID=358_1;partial=11;start_type=Edge;rbs_motif=None;rbs_spacer=None;gc_cont=0.556
#
# Program:         hmmsearch
# Version:         3.1b2 (February 2015)
# Pipeline mode:   SEARCH
# Query file:      /media/saurav/DATA/ubuntu/Learning/NGS/5-denovo/busco_downloads/lineages/bacteria_odb10/hmms/91428at2.hmm
# Target file:     5-qc/BUSCO/spades_ecoli_ass.out/prodigal_output/predicted_genes/predicted.faa
# Option settings: hmmsearch --domtblout 5-qc/BUSCO/spades_ecoli_ass.out/run_bacteria_odb10/hmmer_output/91428at2.out --cpu 1 /media/saurav/DATA/ubuntu/Learning/NGS/5-denovo/busco_downloads/lineages/bacteria_odb10/hmms/91428at2.hmm 5-qc/BUSCO/spades_ecoli_ass.out/prodigal_output/predicted_genes/predicted.faa 
# Current dir:     /media/saurav/DATA/ubuntu/Learning/NGS/5-denovo
# Date:            Sun Jul 28 18:58:48 2024
# [ok]
